337587917446653715596592958817679803
1117116121846700839825703079
255476698618765889551019445759400441
2912125755884410842622249251854493
707738052117387173214918768057
381698147075281497964183453939072106496
780961112206613064355831278045172465664
2912125755884410842622249251854493
74829695578286078013428929473144712489
3256879871129217157345956711624826081171
582076609134674072265625
4995868076798137881795553463894016
10467511953367580305079494867234014232576
117582402033097174749136828787597
2912125755884410842622249251854493
26647936506962193439322192687
